1 0 .16
2 0 .02
1012 1 1.95
1015 1 .28
1016 1 .37
1021 1 .63
1024 1 .23
1311 1 1.68
1606 1 1.25
1703 1 2.05
1727 1 1.28
1737 1 .22
1754 1 .06
1839 1 1.53
1923 1 1.51
1957 1 .19
2106 1 2.00
2193 1 2.33
2307 1 2.00
2553 1 1.25
2569 1 2.14
40929 1 1.45
666 1 .84
699 1 1.18
809 1 .51
812 1 .16
842 1 .48
843 1 .31
845 1 .14
846 1 .48
849 1 .35
850 1 .55
851 1 .69
852 1 1.27
853 1 1.07
856 1 1.24
857 1 .23
865 1 .79
866 1 .24
869 1 .08
875 1 .46
878 1 .70
903 1 1.26
904 1 .32
905 1 .14
959 1 .24
973 1 .14
975 1 .46
978 1 .98
984 1 .17
10 2 0
11 2 0
12 2 0
13 2 .01
135 2 0
136 2 0
137 2 0
138 2 0
139 2 0
141 2 0
15 2 .02
16 2 0
17 2 .02
18 2 .08
19 2 0
20 2 0
21158 2 .04
21 2 0
22 2 0
23 2 .86
24 2 0
25 2 0
26 2 0
27 2 0
28 2 0
29 2 0
30 2 0
3 2 0
39408 2 .06
39529 2 .02
4 2 0
42 2 4.49
437 2 0
438 2 3.46
439 2 0
440 2 .24
441 2 0
445 2 .13
446 2 0
450 2 .05
458 2 0
459 2 0
517 2 0
526 2 0
5340 2 .06
554 2 0
558 2 0
559 2 0
560 2 0
561 2 0
562 2 0
563 2 0
564 2 0
565 2 0
6 2 0
7 2 .06
784 2 .05
785 2 0
8 2 0
821 2 .01
823 2 0
825 2 0
9 2 .02
814 812 .16
892 845 .24
894 846 .30
898 846 .22
40951 875 3.57
1290 1016 2.13
1914 1016 1.51
1422 1290 .52
1315 1311 .31
1415 1311 1.01
1488 1311 .42
1679 1311 1.25
1687 1311 .40
1706 1311 .45
1722 1311 3.98
1628 1422 .52
1607 1606 6.24
1657 1628 3.39
1743 1628 1.61
1745 1628 .77
1747 1628 1.38
1751 1628 1.08
1758 1628 1.40
1763 1628 .74
1766 1628 1.52
1768 1628 1.35
1769 1628 .52
1778 1628 .88
1791 1628 .55
1793 1628 .78
1801 1628 1.37
1804 1628 1.27
1809 1628 2.36
1813 1628 2.18
1821 1628 2.37
1675 1657 .23
1696 1657 .42
1684 1679 .59
1699 1696 1.92
1856 1696 .48
1962 1914 1.51
1931 1923 .18
1949 1923 .33
1966 1923 .39
2055 1923 .57
2064 1923 2.48
2083 1923 .86
2093 1923 .27
2105 1923 2.49
2115 1923 .13
2129 1923 .88
2137 1923 .87
2147 1923 2.67
2148 1923 2.73
2153 1923 2.18
2158 1923 1.63
2164 1923 1.34
2168 1923 2.66
2179 1923 .17
2180 1923 1.70
2267 1923 1.24
2366 1923 1.67
2472 1923 2.32
2552 1923 1.56
2598 1923 .48
1972 1962 .68
2035 1972 1.76
2198 1972 .84
2200 1972 .48
2201 1972 .72
2202 1972 .61
2203 1972 .62
2204 1972 .95
2205 1972 1.40
2206 1972 .93
2207 1972 1.87
2208 1972 .70
2217 1972 .86
2218 1972 1.21
2219 1972 .98
2220 1972 1.20
2221 1972 2.59
2222 1972 1.47
2223 1972 .90
2224 1972 .53
2466 1972 2.42
2476 1972 1.18
2477 1972 .86
2478 1972 1.23
2067 2035 .16
2096 2035 .15
2088 2083 .46
2100 2096 .95
2101 2096 .37
2347 2096 .16
2341 2267 1.58
2396 2366 2.20
2611 2598 .71
39431 2611 4.43
40200 2611 6.23
40882 2611 5.69
40943 2611 .82
40966 40943 .16
